FluiditySaramitoNonlocal - NLSQ Fitted Parameters
==================================================

R² = 0.994673
RMSE = 2.957688 Pa

G = 1.000000e+01
eta_s = 2.389234e+02
tau_y0 = 5.060989e+01
K_HB = 7.130933e+00
n_HB = 6.854198e-01
f_age = 4.322299e-05
f_flow = 4.322299e-01
t_a = 1.000000e+01
b = 1.000000e+00
n_rej = 1.000000e+00
xi = 1.000000e-05
