1.379179156854597361e-02,2.515675864845795580e-19,9.999048887195870483e-01,9.225190837969547931e-15,-1.000000000000000222e+00,-1.269924200425243870e-16,9.999048887195870483e-01,9.226064871244908286e-15,-1.379179156854597361e-02
1.379293727396088340e-02,-1.128457205259982623e-04,9.999048665484132625e-01,2.029846510784626482e-02,-9.997938877562219107e-01,-3.928352894085335579e-04,9.996988182425855518e-01,2.030195239730444787e-02,-1.378780378579039234e-02
1.379637522541812128e-02,-2.257628072076740323e-04,9.999047999993770919e-01,4.054821553844727144e-02,-9.991772745020909285e-01,-7.850702013629117133e-04,9.990823300645885752e-01,4.055518647137905386e-02,-1.377587031677422746e-02
1.380210792995365671e-02,-3.388227277809616514e-04,9.999046889658278481e-01,6.070106440190466829e-02,-9.981552973059882872e-01,-1.176112439413290901e-03,9.980605605859624863e-01,6.071151175150771989e-02,-1.375608024405237072e-02
1.381013957062668905e-02,-4.520971534042501233e-04,9.999045332696536725e-01,8.070986686686225375e-02,-9.967364079625391504e-01,-1.565385661143108009e-03,9.966419605030550910e-01,8.072377995422801156e-02,-1.372858020802562515e-02
1.382047601353335840e-02,-5.656580610255392471e-04,9.999043326607387483e-01,1.005290080206330122e-01,-9.949322122269643742e-01,-1.952336944914477438e-03,9.948381340646059723e-01,1.005463729038346271e-01,-1.369357173042066826e-02
1.383312481765599372e-02,-6.795778365397554376e-04,9.999040868162022422e-01,1.201148526208534878e-01,-9.927572529127373091e-01,-2.336443670653426136e-03,9.926636221992068965e-01,1.201356523398427745e-01,-1.365130760149479983e-02
1.384809524757785355e-02,-7.939293790046914219e-04,9.999037953394092071e-01,1.394261467310009828e-01,-9.902287444449680009e-01,-2.717219661278720035e-03,9.901356371052196792e-01,1.394503616025552228e-01,-1.360208745587218604e-02
1.386539828910251897e-02,-9.087862061884551673e-04,9.999034577587557759e-01,1.584243632978348248e-01,-9.873662678628426503e-01,-3.094220463489930854e-03,9.872737572952905438e-01,1.584519712538549618e-01,-1.354625268505373938e-02
1.388504666782575635e-02,-1.024222561726835165e-03,9.999030735262174341e-01,1.770739860344754946e-01,-9.841914361800908617e-01,-3.467047682446899350e-03,9.840995930031140038e-01,1.771049629962808958e-01,-1.348418084984360533e-02
1.390705487071732145e-02,-1.140313524175750985e-03,9.999026420156561512e-01,1.953427283747596332e-01,-9.807275404227567828e-01,-3.835352322150434572e-03,9.806364322703536862e-01,1.953770486556614949e-01,-1.341627976286778948e-02
1.393143917077959044e-02,-1.257135118251915358e-03,9.999021625208766029e-01,2.132016866238448660e-01,-9.769991865849168011e-01,-4.198837119906223374e-03,9.769088779529946365e-01,2.132393233522046905e-01,-1.334298141028352966e-02
1.395821765485959730e-02,-1.374764428564040266e-03,9.999016342534227109e-01,2.306254286235996376e-01,-9.730319332234886875e-01,-4.557257897201447139e-03,9.729424853669823570e-01,2.306663541787718208e-01,-1.326473587346820200e-02
1.398741025470181219e-02,-1.493279716147556755e-03,9.999010563401040663e-01,2.475920211796088510e-01,-9.688519385254601435e-01,-4.910423979100451454e-03,9.687634094052908207e-01,2.476362076335925089e-01,-1.318200539711126412e-02
1.401903878133924260e-02,-1.612760538127722045e-03,9.999004278202374696e-01,2.640830010888380319e-01,-9.644856245130054573e-01,-5.258197758775384582e-03,9.643980687908701999e-01,2.641304206470816429e-01,-1.309525873114560438e-02
1.405312696293187745e-02,-1.733287870849479139e-03,9.998997476425925957e-01,2.800832958226382452e-01,-9.599593646991824158e-01,-5.600493502409668346e-03,9.598728337773145824e-01,2.801339212582060201e-01,-1.300496585189611295e-02
1.408970048617332743e-02,-1.854944236827443587e-03,9.998990146620247987e-01,2.955811007472729512e-01,-9.552992000628077740e-01,-5.937275502278120676e-03,9.552137421651976101e-01,2.956349058234459815e-01,-1.291159314421967165e-02
1.412878704139866777e-02,-1.977813835886053223e-03,9.998982276357776255e-01,3.105677202173109386e-01,-9.505305867611790749e-01,-6.268555692545308734e-03,9.504462470522785367e-01,3.106246800946104170e-01,-1.281559910265903622e-02
1.417041637153983354e-02,-2.101982680878367645e-03,9.998973852194367185e-01,3.250373799899583527e-01,-9.456781776157588970e-01,-6.594390843774444733e-03,9.455949983524238878e-01,3.250974716145087484e-01,-1.271743058691733250e-02
1.421462032508861301e-02,-2.227538738392348394e-03,9.998964859625133483e-01,3.389870182287284539e-01,-9.407656381451231509e-01,-6.914879449062434451e-03,9.406836588574339908e-01,3.390502206997781931e-01,-1.261751964620601817e-02
1.426143291324187719e-02,-2.354572074875778843e-03,9.998955283036350394e-01,3.524160619491373270e-01,-9.358154968206378044e-01,-7.230158408000264200e-03,9.357347545172847170e-01,3.524823568644070426e-01,-1.251628090887651167e-02
1.431089037141967946e-02,-2.483175008635570783e-03,9.998945105653165299e-01,3.653261951664301121e-01,-9.308490283064236870e-01,-7.540399605229509451e-03,9.307695577005065113e-01,3.653955669447339627e-01,-1.241410951859856122e-02
1.436303122536303212e-02,-2.613442268194028726e-03,9.998934309482835348e-01,3.777211242931934887e-01,-9.258861677244859534e-01,-7.845806469125091512e-03,9.258080014758487408e-01,3.777935604744685483e-01,-1.231137958634090195e-02
1.441789636203637606e-02,-2.745471157514103953e-03,9.998922875253198894e-01,3.896063455555896504e-01,-9.209454534546619442e-01,-8.146610583901991304e-03,9.208686224252143893e-01,3.896818370790594011e-01,-1.220844311849056396e-02
1.447552910557846698e-02,-2.879361728637767296e-03,9.998910782345991066e-01,4.009889183960989589e-01,-9.160439956242554249e-01,-8.443068415923325049e-03,9.159685291431360898e-01,4.010674598577961270e-01,-1.210562937541172050e-02
1.453597529856616617e-02,-3.015216962316799847e-03,9.998898008724709241e-01,4.118772480450119122e-01,-9.111974672445348755e-01,-8.735458202752042350e-03,9.111233933803846163e-01,4.119588379362851827e-01,-1.200324461128493385e-02
1.459928338887707400e-02,-3.153142957253531053e-03,9.998884530856541053e-01,4.222808797006695758e-01,-9.064201148875554725e-01,-9.024077041973865496e-03,9.063474607256093440e-01,4.223655206296105247e-01,-1.190157214481094537e-02
1.466550452246098701e-02,-3.293249128610962854e-03,9.998870323627957468e-01,4.322103060796292362e-01,-9.017247858424271012e-01,-9.309238206331870921e-03,9.016535777645731109e-01,4.322980049775917433e-01,-1.180087271091386468e-02
1.473469264235517315e-02,-3.435648416497267578e-03,9.998855360253461333e-01,4.416767894950268114e-01,-8.971229688209099162e-01,-9.591268702441967456e-03,8.970532327872750011e-01,4.417675578105695333e-01,-1.170138504554110032e-02
1.480690459430595955e-02,-3.580457505179410020e-03,9.998839612176948499e-01,4.506921991006704320e-01,-8.926248454752634398e-01,-9.870507082395667264e-03,8.925566073063023742e-01,4.507860529833588870e-01,-1.160332665866351670e-02
1.488220023938873621e-02,-3.727797053834957467e-03,9.998823048965114202e-01,4.592688635009958276e-01,-8.882393502263622453e-01,-1.014730151091387984e-02,8.881726358847915614e-01,4.593658239775518792e-01,-1.150689475429612398e-02
1.496064257405031739e-02,-3.877791939710309790e-03,9.998805638192213019e-01,4.674194385702017396e-01,-8.839742361597348053e-01,-1.042200808534561249e-02,8.839090720320099681e-01,4.675195317155058650e-01,-1.141226726050349229e-02
1.504229785803216750e-02,-4.030571514618211913e-03,9.998787345315509612e-01,4.751567900422077884e-01,-8.798361450170619769e-01,-1.069498940161845400e-02,8.797725581944094708e-01,4.752600471476442490e-01,-1.131960393668788450e-02
1.512723575067071412e-02,-4.186269875778003344e-03,9.998768133540605341e-01,4.824938902193229295e-01,-8.758306795794041921e-01,-1.096661335612802816e-02,8.757686981387080571e-01,4.826003479609252134e-01,-1.122904752979569931e-02
1.521552945611120630e-02,-4.345026152078940683e-03,9.998747963675792549e-01,4.894437279934690244e-01,-8.719624769974293477e-01,-1.123725217136915464e-02,8.719021302825366027e-01,4.895534286022777959e-01,-1.114072495527543803e-02
1.530725587801629387e-02,-4.506984806931285149e-03,9.998726793974496152e-01,4.960192312709484352e-01,-8.682352818670902028e-01,-1.150728163172909553e-02,8.681766007713306310e-01,4.961322227079436598e-01,-1.105474848257725212e-02
1.540249578439809551e-02,-4.672295958961639184e-03,9.998704579964764472e-01,5.022332008317410557e-01,-8.646520180724984739e-01,-1.177708051514940284e-02,8.645950353234257424e-01,5.023495369696562296e-01,-1.097121690863044757e-02
1.550133398325496265e-02,-4.841115721909696086e-03,9.998681274264656915e-01,5.080982546292267532e-01,-8.612148586188843602e-01,-1.204703020619541862e-02,8.611596090664453973e-01,5.082179954435128710e-01,-1.089021670603259988e-02
1.560385950975138290e-02,-5.013606565193697712e-03,9.998656826382279483e-01,5.136267815389281566e-01,-8.579252928566026837e-01,-1.231751447633883979e-02,8.578718137661139886e-01,5.137499933100944105e-01,-1.081182313561386034e-02
1.571016582574107437e-02,-5.189937696732261664e-03,9.998631182499090331e-01,5.188309035888952758e-01,-8.547841906522493094e-01,-1.258891941785918005e-02,8.547325220037308435e-01,5.189576591184322796e-01,-1.073610131560304506e-02
1.582035103250193503e-02,-5.370285469742580586e-03,9.998604285234924394e-01,5.237224457442993808e-01,-8.517918631959583431e-01,-1.286163351862197428e-02,8.517420479915371878e-01,5.238528245863827149e-01,-1.066310724183026741e-02
1.593451809762495494e-02,-5.554833815379582769e-03,9.998576073393050656e-01,5.283129123698643292e-01,-8.489481202463043941e-01,-1.313604786602031067e-02,8.489002048275571255e-01,5.284470010810449203e-01,-1.059288875527562845e-02
1.605277509708110187e-02,-5.743774703239762532e-03,9.998546481683429077e-01,5.326134695521915763e-01,-8.462523237076096105e-01,-1.341255646951706668e-02,8.462063580848699917e-01,5.327513619613090112e-01,-1.052548645484189041e-02
1.617523547357869323e-02,-5.937308631927964465e-03,9.998515440422061085e-01,5.366349325266092096e-01,-8.437034375107757000e-01,-1.369155669244840820e-02,8.436594757066004924e-01,5.367767300272154873e-01,-1.046093455452026290e-02
1.630201831242128127e-02,-6.135645152077131605e-03,9.998482875204164344e-01,5.403877575174446113e-01,-8.413000738300057124e-01,-1.397344978501008188e-02,8.412581742391623818e-01,5.405335693850980006e-01,-1.039926168516438869e-02
1.643324863618366230e-02,-6.339003424422404512e-03,9.998448706548663800e-01,5.438820373646745532e-01,-8.390405357158219335e-01,-1.425864151161982882e-02,8.390007614843456585e-01,5.440319811015630336e-01,-1.034049164191833473e-02
1.656905771964046342e-02,-6.547612815763184831e-03,9.998412849511155720e-01,5.471275003722649855e-01,-8.369228562615116385e-01,-1.454754286711097168e-02,8.368852756875821974e-01,5.472817020817415390e-01,-1.028464407898942862e-02
1.670958342651190573e-02,-6.761713535903144702e-03,9.998375213262257200e-01,5.501335118732041396e-01,-8.349448344472144568e-01,-1.484057087745364704e-02,8.349095214068212867e-01,5.502921066669700378e-01,-1.023173515394392233e-02
1.685497056973340319e-02,-6.981557318940749893e-03,9.998335700627858369e-01,5.529090780624876800e-01,-8.331040678248745612e-01,-1.513814948191153330e-02,8.330711022254844167e-01,5.530722105033384350e-01,-1.018177812405749935e-02
1.700537129711283610e-02,-7.207408152595035783e-03,9.998294207587458127e-01,5.554628517017190514e-01,-8.313979822195938230e-01,-1.544071049472203576e-02,8.313674504853082459e-01,5.556306762849849701e-01,-1.013478389749595567e-02
1.716094550441276192e-02,-7.439543059596329458e-03,9.998250622726253534e-01,5.578031393473291688e-01,-8.298238586297853603e-01,-1.574869464553694740e-02,8.297958542217831468e-01,5.579758210243869199e-01,-1.009076154225479680e-02
1.732186127808630488e-02,-7.678252935553543483e-03,9.998204826636231113e-01,5.599379097985643927e-01,-8.283788575109863883e-01,-1.606255269898249072e-02,8.283534814873887431e-01,5.601156245460846561e-01,-1.004971875586638773e-02
1.748829537010741092e-02,-7.923843448132459819e-03,9.998156691260932094e-01,5.618748035014554665e-01,-8.270600406271878535e-01,-1.638274665479829556e-02,8.270374022468685027e-01,5.620577389403725865e-01,-1.001166229890557320e-02
1.766043370757046371e-02,-8.176636002848444718e-03,9.998106079177883077e-01,5.636211426810301406e-01,-8.258643906498260856e-01,-1.670975103110232743e-02,8.258446080251360399e-01,5.638094987495940735e-01,-9.976598395302039082e-03
1.783847193999494110e-02,-8.436968781297850620e-03,9.998052842812092944e-01,5.651839420063271557e-01,-8.247888286788584988e-01,-1.704405423441371012e-02,8.247720294827138865e-01,5.653779316920146680e-01,-9.944533102410868172e-03
1.802261602755876255e-02,-8.705197858230798516e-03,9.997996823573070957e-01,5.665699196214771804e-01,-8.238302298531121615e-01,-1.738616002115673381e-02,8.238165520864679792e-01,5.667697697570129867e-01,-9.915472653711239481e-03
1.821308287380570684e-02,-8.981698404512383424e-03,9.997937850907068214e-01,5.677855084015605014e-01,-8.229854372088384329e-01,-1.773658905648253098e-02,8.229750300351847958e-01,5.679914605308318265e-01,-9.889423776904248883e-03
1.841010100672865052e-02,-9.266865983736511519e-03,9.997875741255046744e-01,5.688368673143383569e-01,-8.222512739364642442e-01,-1.809588057739032127e-02,8.222442985907119084e-01,5.690491786345894809e-01,-9.866393990071135531e-03
1.861391131252876710e-02,-9.561117951057173173e-03,9.997810296905893512e-01,5.697298927885993125e-01,-8.216245541762305926e-01,-1.846459416832539960e-02,8.216211849561453340e-01,5.699488371759662275e-01,-9.846391878437391748e-03
1.882476782679466318e-02,-9.864894963695922461e-03,9.997741304732897794e-01,5.704702300069991461e-01,-8.211020924839341761e-01,-1.884331165869085681e-02,8.211025178332050922e-01,5.706960991332078459e-01,-9.829427354170840181e-03
1.904293858834128772e-02,-1.017866261358415896e-02,9.997668534800098206e-01,5.710632840561594703e-01,-8.206807120885699636e-01,-1.923263915305225766e-02,8.206851357816312698e-01,5.712963886050710371e-01,-9.815511901525811322e-03
1.926870656150348263e-02,-1.050291319371860627e-02,9.997591738823365937e-01,5.715142308796793413e-01,-8.203572520544156754e-01,-1.963320920625937285e-02,8.203658944943137410e-01,5.717549018733231181e-01,-9.804658809533760289e-03
1.950237063330077444e-02,-1.083816761106431298e-02,9.997510648469027927e-01,5.718280279907806962e-01,-8.201285734510979086e-01,-2.004568315727745659e-02,8.201416730930431997e-01,5.720766182356183949e-01,-9.796883394335091644e-03
1.974424669258729656e-02,-1.118497746024971901e-02,9.997424973470698806e-01,5.720094249108315099e-01,-8.199915646265536484e-01,-2.047075363723641073e-02,8.200093795413087028e-01,5.722663105762125779e-01,-9.792203213149261454e-03
1.999466879908450359e-02,-1.154392727388461361e-02,9.997334399542261441e-01,5.720629733080536683e-01,-8.199431456695205345e-01,-2.090914726909631760e-02,8.199659552625122583e-01,5.723285556502198945e-01,-9.790638271791196265e-03
2.025399045107652285e-02,-1.191563696711876036e-02,9.997238586062031640e-01,5.719930368176062707e-01,-8.199802721403566252e-01,-2.136162757842307094e-02,8.200083790443730702e-01,5.722677440641701363e-01,-9.792211227563520429e-03
2.052258596154148476e-02,-1.230076449607421865e-02,9.997137163499674184e-01,5.718038005299782567e-01,-8.200999381415676748e-01,-2.182899813710030210e-02,8.201336703031548714e-01,5.720880899415831111e-01,-9.796947589285717739e-03
2.080085195361449854e-02,-1.270000875206204680e-02,9.997029730553478322e-01,5.714992801394536137e-01,-8.202991787924204248e-01,-2.231210596441444982e-02,8.203388917746678999e-01,5.717936402673419183e-01,-9.804875916164466562e-03
2.108920898754683068e-02,-1.311411271607164364e-02,9.996915850960983452e-01,5.710833307483877963e-01,-8.205750721654363478e-01,-2.281184521288238606e-02,8.206211516927937044e-01,5.713882839089012844e-01,-9.816028017164227584e-03
2.138810333276236486e-02,-1.354386690094237788e-02,9.996795049940738753e-01,5.705596553262820558e-01,-8.209247407363734483e-01,-2.332916116949513771e-02,8.209776055105164616e-01,5.708757603159269056e-01,-9.830439152503984979e-03
2.169800890024298906e-02,-1.399011311194515474e-02,9.996666810216693344e-01,5.699318128252490734e-01,-8.213453523934618472e-01,-2.386505460678819968e-02,8.214054572131173071e-01,5.702596679029428017e-01,-9.848148238885363892e-03
2.201942935232759080e-02,-1.445374856027576739e-02,9.996530567569701375e-01,5.692032259555175333e-01,-8.218341210461722612e-01,-2.442058652238586133e-02,8.219019602682731129e-01,5.695434721220336005e-01,-9.869198060049551302e-03
2.235290040911899409e-02,-1.493573036826265077e-02,9.996385705852223191e-01,5.683771886261662631e-01,-8.223883068685847730e-01,-2.499688331048313325e-02,8.224644182532855341e-01,5.687305132346857084e-01,-9.893635484265885655e-03
2.269899237309997223e-02,-1.543708051000202731e-02,9.996231551392622539e-01,5.674568730573932296e-01,-8.230052162074803501e-01,-2.559514241421807432e-02,8.230901851955054749e-01,5.678240137935400833e-01,-9.921511690374107753e-03
2.305831289631064471e-02,-1.595889123675087173e-02,9.996067366704114443e-01,5.664453365713414401e-01,-8.236822011805267074e-01,-2.621663851415825808e-02,8.237766656582082847e-01,5.668270858462004513e-01,-9.952882404035693492e-03
2.343151001758991825e-02,-1.650233104284579838e-02,9.995892343400102353e-01,5.653455280688616247e-01,-8.244166589853380023e-01,-2.686273031530524852e-02,8.245213146006812321e-01,5.657427378743851154e-01,-9.987808145898136383e-03
2.381927550099873295e-02,-1.706865123531020254e-02,9.995705594202016764e-01,5.641602941996131104e-01,-8.252060309356986645e-01,-2.753486800326111761e-02,8.253216370380784817e-01,5.645738814826261054e-01,-1.002635449343989259e-02
2.422234851070098963e-02,-1.765919317882181164e-02,9.995506143907365582e-01,5.628923852326106481e-01,-8.260478012367807876e-01,-2.823460144968014188e-02,8.261751875236683640e-01,5.633233378514981293e-01,-1.006859235834510827e-02
2.464151966236875074e-02,-1.827539629752727990e-02,9.995292919163987211e-01,5.615444606337197664e-01,-8.269394955066996511e-01,-2.896358925805615422e-02,8.270795694734055514e-01,5.619938439709931677e-01,-1.011459828135520544e-02
2.507763549671338313e-02,-1.891880692653652787e-02,9.995064736870743483e-01,5.601190943556874080e-01,-8.278786790471367452e-01,-2.972360875352499446e-02,8.280324343502847295e-01,5.605880586702186585e-01,-1.016445474666291364e-02
2.553160342715048506e-02,-1.959108811907373307e-02,9.994820290994478329e-01,5.586187798450323871e-01,-8.288629548609627307e-01,-3.051656703498787510e-02,8.290314807236731642e-01,5.591085684600660688e-01,-1.021825051805275338e-02
2.600439722104192289e-02,-2.029403053052778252e-02,9.994558137556639466e-01,5.570459347685305929e-01,-8.298899614096747479e-01,-3.134451322484631264e-02,8.300744532167124712e-01,5.575578932059652715e-01,-1.027608099915338670e-02
2.649706308260663806e-02,-2.102956451841662619e-02,9.994276677499790429e-01,5.554029054600070348e-01,-8.309573700979022703e-01,-3.220965207140687875e-02,8.311591413529536565e-01,5.559384916482617012e-01,-1.033804862035375347e-02
2.701072641567843838e-02,-2.179977361802220084e-02,9.993974137092311860e-01,5.536919710856924581e-01,-8.320628824661173706e-01,-3.311435908208420348e-02,8.322833783115810569e-01,5.542527667882042319e-01,-1.040426325514850515e-02
2.754659935628230027e-02,-2.260690957772388751e-02,9.993648545467511690e-01,5.519153475234039874e-01,-8.332042270657945560e-01,-3.406119739252033013e-02,8.334450395989078109e-01,5.525030711580131149e-01,-1.047484266892266015e-02
2.810598917882719053e-02,-2.345340916653714664e-02,9.993297708818379421e-01,5.500751909471651713e-01,-8.343791559833976246e-01,-3.505293660840291120e-02,8.346420416422355437e-01,5.506917119940156757e-01,-1.054991300346341809e-02
2.869030769597016861e-02,-2.434191299987283411e-02,9.992919180678973001e-01,5.481736011044934243e-01,-8.355854409704831509e-01,-3.609257389401724497e-02,8.358723403106735894e-01,5.488209563324545348e-01,-1.062960930080351050e-02
2.930108179137170740e-02,-2.527528666907163934e-02,9.992510227613737861e-01,5.462126242682127097e-01,-8.368208691265563992e-01,-3.718335762551529255e-02,8.371339293660767789e-01,5.468930360482485709e-01,-1.071407607035899760e-02
2.993996524722988828e-02,-2.625664450706662045e-02,9.992067789502953046e-01,5.441942558381830386e-01,-8.380832380686880079e-01,-3.832881397889643244e-02,8.384248388458686030e-01,5.449101528578195186e-01,-1.080346790373157111e-02
3.060875205536770643e-02,-2.728937637808439426e-02,9.991588433449950513e-01,5.421204425603803889e-01,-8.393703505068207393e-01,-3.953277688442931315e-02,8.397431333781480989e-01,5.428744833080221266e-01,-1.089795014200645694e-02
3.130939143264597352e-02,-2.837717794546797817e-02,9.991068300136719538e-01,5.399930843210704046e-01,-8.406800081255038082e-01,-4.079942185276350108e-02,8.410869104281284425e-01,5.407881837743440112e-01,-1.099769960090029274e-02
3.204400479967788734e-02,-2.952408495077905176e-02,9.990503041209772839e-01,5.378140354618665686e-01,-8.420100046506964198e-01,-4.213330426581807925e-02,8.424542984735849949e-01,5.386533954928282020e-01,-1.110290535970626796e-02
3.281490502759443900e-02,-3.073451213215967065e-02,9.989887745976068212e-01,5.355851055467183430e-01,-8.433581179532475547e-01,-4.353940283084672264e-02,8.438434551055904453e-01,5.364722496516984851e-01,-1.121376962065698084e-02
3.362461831264534906e-02,-3.201329752404565715e-02,9.989216855314364540e-01,5.333080594935686314e-01,-8.447221010073960867e-01,-4.502316902279338701e-02,8.452525650493664111e-01,5.342468725704322408e-01,-1.133050864609049142e-02
3.447590910483798454e-02,-3.336575301816321198e-02,9.988484060241202833e-01,5.309846169606198263e-01,-8.460996714814148500e-01,-4.659058349308281555e-02,8.466798380985454120e-01,5.319793909960920386e-01,-1.145335378167449888e-02
3.537180859728102783e-02,-3.479772223288601224e-02,9.987682181987772578e-01,5.286164508485817759e-01,-8.474884996861966613e-01,-4.824822060852258093e-02,8.481235069545038918e-01,5.296719375491234505e-01,-1.158255257493402170e-02
3.631564738076879101e-02,-3.631564694152968065e-02,9.986803029711429636e-01,5.262051847443552921e-01,-8.488861945432598644e-01,-5.000332250982920945e-02,8.495818249606537087e-01,5.273266563536128659e-01,-1.171836999945731657e-02
3.731109298767525811e-02,-3.792664355895782047e-02,9.985837231040854967e-01,5.237523890861799369e-01,-8.502902871526258899e-01,-5.186388435533790392e-02,8.510530637196389581e-01,5.249457088902211854e-01,-1.186108979644458217e-02
3.836219319585473797e-02,-3.963859149138504456e-02,9.984774029480001367e-01,5.212595757725730916e-01,-8.516982114383316871e-01,-5.383875275435116847e-02,8.525355105792374877e-01,5.225312801137612650e-01,-1.201101594673952520e-02
3.947342614391243648e-02,-4.146023553111134047e-02,9.983601041198340020e-01,5.187281908636920402e-01,-8.531072812184579135e-01,-5.593773981251089905e-02,8.540274659703529503e-01,5.200855848817153015e-01,-1.216847428817478469e-02
4.064975853286409424e-02,-4.340130494497860397e-02,9.982303961813088211e-01,5.161596049291177213e-01,-8.545146628787441134e-01,-5.817175572942188955e-02,8.555272405777837319e-01,5.176108747450148817e-01,-1.233381429500438747e-02
4.189671346742295660e-02,-4.547265248704340096e-02,9.980866211288584866e-01,5.135551004738825309e-01,-8.559173426123377615e-01,-6.055296353354244765e-02,8.570331523213610136e-01,5.151094451582369782e-01,-1.250741103842968258e-02
4.322044983800664431e-02,-4.768641729418877234e-02,9.979268501856460860e-01,5.109158557158661740e-01,-8.573120869071064742e-01,-6.309496034634262673e-02,8.585435231215274854e-01,5.125836431731184417e-01,-1.268966734980105093e-02
4.462785558177512907e-02,-5.005621653995033504e-02,9.977488309649266141e-01,5.082429237803048894e-01,-8.586953945944710842e-01,-6.581299058311179673e-02,8.600566754193699204e-01,5.100358756871433696e-01,-1.288101621105306079e-02
4.612665771357873923e-02,-5.259737188186777712e-02,9.975499225198178888e-01,5.055372061043922338e-01,-8.600634382900561592e-01,-6.872419778252666922e-02,8.615709284164243531e-01,5.074686183280767704e-01,-1.308192340037590655e-02
4.772555272005736537e-02,-5.532717821445529843e-02,9.973270150599504724e-01,5.027994184837336622e-01,-8.614119924151650842e-01,-7.184792339208334599e-02,8.630845939941138578e-01,5.048844250659366706e-01,-1.329289042512559957e-02
4.943436180823283788e-02,-5.826522413135959422e-02,9.970764301343879588e-01,5.000300477106142116e-01,-8.627363441313380399e-01,-7.520606292988976649e-02,8.645959722663145719e-01,5.022859386562757988e-01,-1.351445777862726565e-02
5.126421665547672285e-02,-6.143377593828910910e-02,9.967937957595164322e-01,4.972292961065217787e-01,-8.640311823663254787e-01,-7.882349264059677896e-02,8.661033467110683670e-01,4.996759020331212886e-01,-1.374720856295375861e-02
5.322778280413110324e-02,-6.485824022160197044e-02,9.964738891777912277e-01,4.943970103740421007e-01,-8.652904585425316153e-01,-8.272858326155745068e-02,8.676049788186818157e-01,4.970571707868343125e-01,-1.399177252610742279e-02
5.533952979489507179e-02,-6.856772411012915236e-02,9.961104374779119475e-01,4.915325899944894550e-01,-8.665072104710638268e-01,-8.695382208370860955e-02,8.690991021830533070e-01,4.944327268820434274e-01,-1.424883056947545343e-02
5.761605969407680022e-02,-7.259571780567700139e-02,9.956958629127706795e-01,4.886348687447061301e-01,-8.676733379031145166e-01,-9.153657050005377382e-02,8.705839159507671177e-01,4.918056937941508999e-01,-1.451911979018000697e-02
6.007650905600851743e-02,-7.698093116618132115e-02,9.952209550127203430e-01,4.857019606054055472e-01,-8.687793140784768608e-01,-9.651999219538280606e-02,8.720575775278307518e-01,4.891793532704740155e-01,-1.480343913326445313e-02
6.274304387237041036e-02,-8.176832575477106790e-02,9.946744449059156112e-01,4.827310580971997389e-01,-8.698138117480525011e-01,-1.019541977590009973e-01,8.735181944264170939e-01,4.865571639546427685e-01,-1.510265574086464696e-02
6.564147311361721859e-02,-8.701039673287067067e-02,9.940424477193430253e-01,4.797181664794509248e-01,-8.707632137750509482e-01,-1.078976658030135899e-01,8.749638151129839336e-01,4.839427821514992178e-01,-1.541771209999959376e-02
6.880201465423149698e-02,-9.276877657261529964e-02,9.933077251651368789e-01,4.766577506297711153e-01,-8.716109663214647307e-01,-1.144190200654132822e-01,8.763924186938667482e-01,4.813400850556522892e-01,-1.574963410785967799e-02
7.226025852943672445e-02,-9.911625664372172850e-02,9.924487002894381016e-01,4.735422617873262796e-01,-8.723367149226258777e-01,-1.215992684983949745e-01,8.778019032438938440e-01,4.787531968216371947e-01,-1.609954019406740003e-02
7.605838778664335276e-02,-1.061393559486391025e-01,9.914381265445184610e-01,4.703614971305787873e-01,-8.729151374966627186e-01,-1.295346468951943941e-01,8.791900725465324751e-01,4.761865179191765995e-01,-1.646865166407497985e-02
8.024673836841236807e-02,-1.139416124662509938e-01,9.902412685451067453e-01,4.671017239012415501e-01,-8.733143488386608810e-01,-1.383402603763410621e-01,8.805546209689207870e-01,4.736447582958100422e-01,-1.685830445756337712e-02
8.488580891428616770e-02,-1.226478372474164857e-01,9.888133835378132286e-01,4.637444675141555450e-01,-8.734936908301306202e-01,-1.481547870639644826e-01,8.818931161399207186e-01,4.711329749640620901e-01,-1.726996255157504240e-02
9.004887251721947761e-02,-1.324096625463141441e-01,9.870961867126974987e-01,4.602648133285473508e-01,-8.734006289898935682e-01,-1.591466081689947021e-01,8.832029790314426254e-01,4.686566147451984299e-01,-1.770523328159501197e-02
9.582540006463022286e-02,-1.434128442118677571e-01,9.850128165752544129e-01,4.566289937371646457e-01,-8.729663282570208072e-01,-1.715218697660426672e-01,8.844814609594923160e-01,4.662215630411333245e-01,-1.816588490673041317e-02
1.023255851635639924e-01,-1.558869610568206499e-01,9.824605488229050110e-01,4.527909077678183847e-01,-8.720992435400677367e-01,-1.855351806521790547e-01,8.857256169174114735e-01,4.638341996762539998e-01,-1.865386680985453918e-02
1.096863714948888013e-01,-1.701184106458418499e-01,9.793000695739880745e-01,4.486870182161811216e-01,-8.706756720807902195e-01,-2.015039298151191649e-01,8.869322745241361439e-01,4.615014630594325706e-01,-1.917133280305690843e-02
1.180795320163724044e-01,-1.864679555424975377e-01,9.753393899943730849e-01,4.442287367857200020e-01,-8.685255666006255204e-01,-2.198275905677581632e-01,8.880979977077743115e-01,4.592309241730826996e-01,-1.972066810679704713e-02
1.277225359371164382e-01,-2.053945429597144323e-01,9.703092473722807476e-01,4.392908438955426265e-01,-8.654108062453723660e-01,-2.410138811423035987e-01,8.892190440399565521e-01,4.570308722133599177e-01,-2.030452069273123994e-02
1.388931369103046931e-01,-2.274876785331213513e-01,9.638247001580870776e-01,4.336935231988343076e-01,-8.609912143913934779e-01,-2.657142387532434036e-01,8.902913143767029469e-01,4.549104140997924928e-01,-2.092583783168006431e-02
1.519487135569888292e-01,-2.535111099216897368e-01,9.553238747119476848e-01,4.271739104958757194e-01,-8.547702577862871243e-01,-2.947715328786446598e-01,8.913102931303091836e-01,4.528795905649064535e-01,-2.158790887800406122e-02
1.673510396411454215e-01,-2.844603512367822606e-01,9.439681870197078606e-01,4.193401161430365121e-01,-8.460064101787971858e-01,-3.292825852205508164e-01,8.922709770715241406e-01,4.509495121525591288e-01,-2.229441556077381772e-02
1.856953384093898707e-01,-3.216337569635872029e-01,9.284766920469841311e-01,4.095955812486625214e-01,-8.335656582104441492e-01,-3.706747270502251390e-01,8.931677900118164537e-01,4.491325192342196515e-01,-2.304949135514275035e-02
2.077363696053772801e-01,-3.667059718152998471e-01,9.068474684191242252e-01,3.970131867735101072e-01,-8.156727620437986825e-01,-4.207831683750934415e-01,8.939944800003633008e-01,4.474423711438567097e-01,-2.385779189370033915e-02
2.343864359951578213e-01,-4.217586588118906743e-01,8.758896233765318673e-01,3.801265348686097556e-01,-7.894920864884805711e-01,-4.818776430390281917e-01,8.947439947327232579e-01,4.458944707991574496e-01,-2.472457887341963576e-02
2.666121737384798962e-01,-4.891282563672688100e-01,8.304646275655321874e-01,3.565976332584073760e-01,-7.504450990714662817e-01,-5.564802613158167377e-01,8.954083296289714333e-01,4.445061328066606809e-01,-2.565582055445290999e-02
3.050418852716759721e-01,-5.706932205249054535e-01,7.624032373205227309e-01,3.227572772129443934e-01,-6.912286900318975746e-01,-6.465528888520051254e-01,8.959783413877748792e-01,4.432969051591701959e-01,-2.665831278069609456e-02
3.488873680594191118e-01,-6.657672044878689688e-01,6.595692790275932138e-01,2.732519426394072748e-01,-6.009446793191864922e-01,-7.511317249602428303e-01,8.964435176029561525e-01,4.422889573868739044e-01,-2.773982554506489520e-02
3.937372599849471855e-01,-7.665411406935622729e-01,5.073318930678009098e-01,2.018307083089833920e-01,-4.663536870959264502e-01,-8.612656986758087108e-01,8.967916900167175465e-01,4.415075516412457213e-01,-2.890928156686971631e-02
4.292280870045634966e-01,-8.527297426545407122e-01,2.976831122497946014e-01,1.055399761266796466e-01,-2.799771394142048231e-01,-9.541876727586764417e-01,8.970086748552562605e-01,4.409816179817020454e-01,-3.017697527349919029e-02
4.418058368722447282e-01,-8.958936009690197100e-01,4.671464704328055079e-02,-7.680560115455832733e-03,-5.584778752945551705e-02,-9.984097523684239972e-01,8.970778179745213521e-01,4.407444615316539749e-01,-3.155484316620916357e-02
4.259515959659780915e-01,-8.818595510107576363e-01,-2.022102128606292626e-01,-1.182927208021190557e-01,1.672978016012991176e-01,-9.787840812889245790e-01,8.969794145348420900e-01,4.408346377843705977e-01,-3.305680006072470728e-02
3.901956739209993530e-01,-8.249994272115288574e-01,-4.088071442061479432e-01,-2.090321718617692559e-01,3.530338001104201262e-01,-9.119609021807612015e-01,8.966899615698221693e-01,4.412970440420433405e-01,-3.469916050376472411e-02
3.477998049076091447e-01,-7.512007685501019827e-01,-5.610104286338760682e-01,-2.754897065925032140e-01,4.900718907524458379e-01,-8.270036054672914583e-01,8.961811855131782689e-01,4.421842910190942333e-01,-3.650117132552670174e-02
3.074029469191889019e-01,-6.784527532010423689e-01,-6.672370567491913151e-01,-3.220693513243106931e-01,5.856259652869616472e-01,-7.438504968871447742e-01,8.954187630170232781e-01,4.435584408571656700e-01,-3.848569060604575820e-02
2.722804641992707109e-01,-6.142548773906104653e-01,-7.406445128516621068e-01,-3.549400416676325443e-01,6.513268984492756042e-01,-6.706644751121283443e-01,8.943606183393861819e-01,4.454932288579627753e-01,-4.068006152032978273e-02
2.428261707732807806e-01,-5.601320604640064316e-01,-7.920148518985816732e-01,-3.790349366201590242e-01,6.967633310959145954e-01,-6.089773208104525271e-01,8.929546279677021969e-01,4.480769300917774034e-01,-4.311724841163719346e-02
2.183827054698885828e-01,-5.152585815765410304e-01,-8.287445855409149020e-01,-3.977267217393618548e-01,7.285136262848861399e-01,-5.577466729006146373e-01,8.911354828341827572e-01,4.514160945612995524e-01,-4.583732981873845508e-02
1.980716769240517539e-01,-4.781873229683341053e-01,-8.556310507180487912e-01,-4.132384606258941440e-01,7.508186540015036048e-01,-5.152720868268642063e-01,8.888203336220629192e-01,4.556404645723954872e-01,-4.888948337031444324e-02
1.810850784425581117e-01,-4.474984242189627426e-01,-8.757587308654125602e-01,-4.270652115937678128e-01,7.663599520312982527e-01,-4.799038747175904951e-01,8.859026466897041985e-01,4.609095185002493600e-01,-5.233465719812627204e-02
1.667575548400210272e-01,-4.219882210873840966e-01,-8.911329076895783130e-01,-4.402709855777177661e-01,7.768161251686940272e-01,-4.502423424516192041e-01,8.822433775111052645e-01,4.674212756619033904e-01,-5.624921240689931268e-02
1.545632531796776454e-01,-4.006901618464207560e-01,-9.030822747490971913e-01,-4.536811329017436112e-01,7.832107969111853363e-01,-4.251520636792632812e-01,8.776580372875902869e-01,4.754242755699746303e-01,-6.072995787302656184e-02
1.440922844504921863e-01,-3.828440114684526496e-01,-9.125063706323269797e-01,-4.680090444439434783e-01,7.861160092674334132e-01,-4.037191527437257732e-01,8.718973264556473257e-01,4.852340495639068663e-01,-6.590120835998786175e-02
1.350256323776130585e-01,-3.678554512222989015e-01,-9.200274156823069482e-01,-4.839470689128353431e-01,7.857600522743923843e-01,-3.851965404055697761e-01,8.646174374205630730e-01,4.972559775968340978e-01,-7.192481944722389775e-02
1.271139067214727136e-01,-3.552595657694572195e-01,-9.260846050158167975e-01,-5.022419467008314431e-01,7.820671560970711145e-01,-3.689498479853302593e-01,8.553333161359749637e-01,5.120171913945232856e-01,-7.901464436609373365e-02
1.201607218905847985e-01,-3.446913471958746311e-01,-9.309937035678740314e-01,-5.237690216979077329e-01,7.746380552264080510e-01,-3.544035768790503860e-01,8.433429983253255546e-01,5.302110509630493240e-01,-8.745758178859319720e-02
1.140100986683028894e-01,-3.358629161734377200e-01,-9.349854538660576919e-01,-5.496159263744978540e-01,7.626628028178554786e-01,-3.409806192051318963e-01,8.276013719642725253e-01,5.527581304128298401e-01,-9.764434640759618589e-02
1.085370239464164971e-01,-3.285462567800961353e-01,-9.382308199950810668e-01,-5.811821997162895936e-01,7.447344558684220184e-01,-3.280210983691446147e-01,8.065029232220982669e-01,5.808854856149809898e-01,-1.101139747536968166e-01
1.036403884288702310e-01,-3.225602169678276621e-01,-9.408578937947966736e-01,-6.202882624572276793e-01,7.184951128811162269e-01,-3.146541660676770436e-01,7.774967146838025478e-01,6.162139881531575325e-01,-1.256152039375563190e-01
9.923768493646481503e-02,-3.177607289474899677e-01,-9.429634144690931530e-01,-6.692401886266035049e-01,6.799811514578502081e-01,-2.995717002473440305e-01,7.363894701959550204e-01,6.607978153723089720e-01,-1.451784949078364917e-01
9.526100358389960610e-02,-3.140334395579608140e-01,-9.446207387282925527e-01,-7.306359278868623797e-01,6.224391390239961686e-01,-2.806076604299502786e-01,6.760891080893790539e-01,7.169048172878064173e-01,-1.701499364456093011e-01
9.165398320068771087e-02,-3.112881447917760225e-01,-9.458854255540373179e-01,-8.061905655113132951e-01,5.343707290322778913e-01,-2.539777471237600337e-01,5.845137461548675084e-01,7.858419783045481610e-01,-2.019803596649858146e-01
8.836947083684085213e-02,-3.094545825391368243e-01,-9.467991856616404522e-01,-8.925334325497852328e-01,3.974069656860598765e-01,-2.131942199148391948e-01,4.422385198113284455e-01,8.638897875132726112e-01,-2.410799175073649325e-01
8.536770869714185861e-02,-3.084792576775123307e-01,-9.473926862154525841e-01,-9.705227571053612889e-01,1.893491217876992205e-01,-1.491056270528887950e-01,2.253839662718003511e-01,9.321949676226309878e-01,-2.832218390001625119e-01
8.261491652551652964e-02,-3.083230622071100879e-01,-9.476875354665759144e-01,-9.941578406042158589e-01,-9.177790815661658608e-02,-5.680672090130368945e-02,-6.946195744898711610e-02,9.468440763323315856e-01,-3.141040139535452025e-01
8.008217242516445233e-02,-3.089595181618208786e-01,-9.476976637076202081e-01,-9.201071331538501763e-01,-3.885976177479033566e-01,4.893623401996826522e-02,-3.833923697454983959e-01,8.680644605199948627e-01,-3.153955979449636904e-01
7.774452022246948479e-02,-3.103735189359574931e-01,-9.474302445661574312e-01,-7.728541373106293522e-01,-6.190854810470926006e-01,1.393902779914463486e-01,-6.298033598014707302e-01,7.213885540400546414e-01,-2.880039619220167157e-01
7.558024957376871522e-02,-3.125604803191782688e-01,-9.468862508332303030e-01,-6.162282039495597941e-01,-7.612007322184423108e-01,2.020798008886754427e-01,-7.839326670903991046e-01,5.682247719105104622e-01,-2.501403247295043708e-01
7.357030807136642758e-02,-3.155258394912421882e-01,-9.460607033291420498e-01,-4.849498181783366557e-01,-8.402421786442640927e-01,2.425216589831490910e-01,-8.714419565404700752e-01,4.409495728997676056e-01,-2.148310744292596108e-01
7.169781403260432062e-02,-3.192848610738819870e-01,-9.449426442657660186e-01,-3.837714791750432841e-01,-8.832783069063810943e-01,2.693304370478691312e-01,-9.206404701265012980e-01,3.433316327366716103e-01,-1.858615472001292068e-01
6.994764543206538621e-02,-3.238627259178696316e-01,-9.435148444298887549e-01,-3.072863974116056274e-01,-9.068339843578775428e-01,2.884912386527774264e-01,-9.490428846286698139e-01,2.697499945776901664e-01,-1.629495123068163132e-01
6.830608523734983673e-02,-3.292948919240435979e-01,-9.417532335342843064e-01,-2.491890961972914875e-01,-9.196700122997494287e-01,3.034993621294045929e-01,-9.660429975192226237e-01,2.139437838061927222e-01,-1.448757547513184751e-01
6.676050668953346923e-02,-3.356277277351933375e-01,-9.396260230122767121e-01,-2.045084746128543185e-01,-9.263361914472828529e-01,3.163503504446716352e-01,-9.765855408299266571e-01,1.710417749856857350e-01,-1.304813881427760724e-01
6.529908412402476992e-02,-3.429194300894363723e-01,-9.370924682653785087e-01,-1.696794333249634079e-01,-9.292362396049153039e-01,3.282208112101292485e-01,-9.833335748966789414e-01,1.375728006258948311e-01,-1.188646499547488106e-01
6.391051592301663642e-02,-3.512412440854992268e-01,-9.341011906681870869e-01,-1.421987960238696169e-01,-9.296690381023787753e-01,3.398455266781655881e-01,-9.877727210061106877e-01,1.111083617333483847e-01,-1.093617098856617398e-01
6.258374618729650729e-02,-3.606790121272762106e-01,-9.305879458299770590e-01,-1.203017006590169358e-01,-9.283434419213107969e-01,3.517185730953686362e-01,-9.907627241331358192e-01,8.993944658816871440e-02,-1.014895088947700558e-01
6.130767067464658326e-02,-3.713350806173521534e-01,-9.264726803416027945e-01,-1.027270494696083530e-01,-9.256369723202432231e-01,3.642023459302284882e-01,-9.928184742558519016e-01,7.284540738246830793e-02,-9.489480385966617138e-02
6.007081033630209260e-02,-3.833305909246241261e-01,-9.216556601068092158e-01,-8.855892053603413305e-02,-9.217287460427170398e-01,3.775889780065255219e-01,-9.942579219392885248e-01,5.893875448207687440e-02,-8.931633602577443432e-02
