1.379179156854597535e-02,-5.894199165356051892e-20,9.999048887195870483e-01,9.225641433601364112e-15,-1.000000000000000222e+00,-1.273091742685982613e-16,9.999048887195870483e-01,9.226519792628259640e-15,-1.379179156854597361e-02
1.379293727396954661e-02,-1.128401565721148895e-04,9.999048665490409826e-01,2.029946573111527861e-02,-9.997938674371809054e-01,-3.928435266261940209e-04,9.996987979248488365e-01,2.030295303900888845e-02,-1.378780350556903060e-02
1.379637522545279667e-02,-2.257516757815637655e-04,9.999048000018899707e-01,4.055021191934209818e-02,-9.991771934708674197e-01,-7.850866051829697616e-04,9.990822490385539156e-01,4.055718288863358056e-02,-1.377586919954484034e-02
1.380210793003178345e-02,-3.388060218409322559e-04,9.999046889714875430e-01,6.070404689399791498e-02,-9.981551158977020055e-01,-1.176136869832880138e-03,9.980603791892448395e-01,6.071449429687150040e-02,-1.375607774389566579e-02
1.381013957076586245e-02,-4.520748623752357379e-04,9.999045332797300567e-01,8.071382120968696727e-02,-9.967360877045106093e-01,-1.565417911182898818e-03,9.966416402653295314e-01,8.072773436573563166e-02,-1.372857579680326554e-02
1.382047601375139059e-02,-5.656301707840316823e-04,9.999043326765132411e-01,1.005339155825379360e-01,-9.949317162713691154e-01,-1.952376744127545414e-03,9.948376381402125324e-01,1.005512805478765287e-01,-1.369356490420842176e-02
1.383312481797097614e-02,-6.795443293936509433e-04,9.999040868389701409e-01,1.201206907097248505e-01,-9.927565464275095453e-01,-2.336490689609506746e-03,9.926629157580074692e-01,1.201414905219191920e-01,-1.365129788637489683e-02
1.384809524800822457e-02,-7.938902336680038951e-04,9.999037953704841275e-01,1.394328889625967849e-01,-9.902277949543623059e-01,-2.717273516871850092e-03,9.901346876731197399e-01,1.394571039356483355e-01,-1.360207441295364743e-02
1.386539828966712462e-02,-9.087413977508255677e-04,9.999034577994722062e-01,1.584319800100213171e-01,-9.873650455312360519e-01,-3.094280724896120594e-03,9.872725350380071596e-01,1.584595880727078798e-01,-1.354623591462316562e-02
1.388504666854392493e-02,-1.024172061617762818e-03,9.999030735779346202e-01,1.770824447347986719e-01,-9.841899140349423813e-01,-3.467113877546148994e-03,9.840980709491098377e-01,1.771134218050148534e-01,-1.348415999458505397e-02
1.390705487160892768e-02,-1.140257300123450170e-03,9.999026420797615389e-01,1.953519942085336358e-01,-9.807256945149939176e-01,-3.835423944224111356e-03,9.806345864712028293e-01,1.953863145959112146e-01,-1.341625451012683733e-02
1.393143917186513529e-02,-1.257073134236690601e-03,9.999021625987893902e-01,2.132117228502534156e-01,-9.769969960872537662e-01,-4.198913634426009421e-03,9.769066875816888595e-01,2.132493596792680302e-01,-1.334295149338516305e-02
1.395821765616028776e-02,-1.374696644766058157e-03,9.999016343465980672e-01,2.306361970881199708e-01,-9.730293804691928505e-01,-4.557338748538629705e-03,9.729399327566905509e-01,2.306771227340802533e-01,-1.326470107212915535e-02
1.398741025623964108e-02,-1.493206088888876472e-03,9.999010564500367959e-01,2.476034827722773668e-01,-9.688490089917817238e-01,-4.910508597002801422e-03,9.687604800327903609e-01,2.476476693030216780e-01,-1.318196553701360234e-02
1.401903878313706144e-02,-1.612681019808426524e-03,9.999004279484658975e-01,2.640951161793848589e-01,-9.644823067548308204e-01,-5.258285564481656425e-03,9.643947512102054587e-01,2.641425357961280640e-01,-1.309521368275887512e-02
1.405312696501350399e-02,-1.733202409877743818e-03,9.998997477907031195e-01,2.800960246651962859e-01,-9.599556502394123170e-01,-5.600583914297024499e-03,9.598691195101857199e-01,2.801466501367341211e-01,-1.300491552864966108e-02
1.408970048856362373e-02,-1.854852777543348867e-03,9.998990148316559967e-01,2.955944038491236103e-01,-9.552950832465404440e-01,-5.937367940964058226e-03,9.552096255551572046e-01,2.956482089344679154e-01,-1.291153750013539214e-02
1.412878704412365120e-02,-1.977716318478935521e-03,9.998982278286252523e-01,3.105815586678555840e-01,-9.505260645809883169e-01,-6.268649585391403156e-03,9.504417250900274450e-01,3.106385185232872215e-01,-1.281553812955766973e-02
1.417041637462677917e-02,-2.101879041297485904e-03,9.998973854372584791e-01,3.250517157477309516e-01,-9.456732495152585516e-01,-6.594485628763285985e-03,9.455900704793943623e-01,3.251118073151871291e-01,-1.271736431130959279e-02
1.421462032856616632e-02,-2.227428908250617557e-03,9.998964862071340054e-01,3.390018143657284599e-01,-9.407603058076637881e-01,-6.914974578040725475e-03,9.406783267545069105e-01,3.390650167403436166e-01,-1.261744812597410600e-02
1.426143291714017554e-02,-2.354455981346303788e-03,9.998955285769518531e-01,3.524312828530246633e-01,-9.358097639494239450e-01,-7.230253349299459002e-03,9.357290218849264596e-01,3.524975776284932083e-01,-1.251620422984263403e-02
1.431089037577047869e-02,-2.483052574340697746e-03,9.998945108693044759e-01,3.653418067021609872e-01,-9.308429004016542940e-01,-7.540493845690440095e-03,9.307634300359322044e-01,3.654111782933701091e-01,-1.241402779106622750e-02
1.436303123019985230e-02,-2.613313411086591771e-03,9.998934312850022987e-01,3.777370939264950711e-01,-9.258796518623559901e-01,-7.845899515564637786e-03,9.258014858520406953e-01,3.778095298695595128e-01,-1.231129294168260314e-02
1.441789636739463157e-02,-2.745335790750533852e-03,9.998922878969189743e-01,3.896226424412571054e-01,-9.209385580722532216e-01,-8.146701964068168295e-03,9.208617272758333749e-01,3.896981336716857647e-01,-1.220835170584281051e-02
1.447552911149564692e-02,-2.879219760442704168e-03,9.998910786433257147e-01,4.010055134344973626e-01,-9.160367303135518169e-01,-8.443157678990438272e-03,9.159612640565524266e-01,4.010840545447154071e-01,-1.210553335852602649e-02
1.453597530508198878e-02,-3.015068295838798859e-03,9.998898013206762858e-01,4.118941139103786675e-01,-9.111898425580395866e-01,-8.735544919410276679e-03,9.111157689053098752e-01,4.119757033882294750e-01,-1.200314416557141106e-02
1.459928339603367570e-02,-3.152987490411456994e-03,9.998884535758014724e-01,4.222979908448710740e-01,-9.064121421572891579e-01,-9.024160804167988964e-03,9.063394881901082334e-01,4.223826312950375028e-01,-1.190146745460045515e-02
1.466550453030311674e-02,-3.293086753930607805e-03,9.998870328974681643e-01,4.322276387149791566e-01,-9.017164770134676877e-01,-9.309318626702573971e-03,9.016452691096121796e-01,4.323153370654934102e-01,-1.180076396695497673e-02
1.473469265093041436e-02,-3.435479020937699454e-03,9.998855366072555428e-01,4.416943215596100258e-01,-8.971143363000921855e-01,-9.591345413520510621e-03,8.970446004154301045e-01,4.417850892557854126e-01,-1.170127244273993367e-02
1.480690460366495403e-02,-3.580280969948532004e-03,9.998839618496908610e-01,4.507099102094004328e-01,-8.926159019952071283e-01,-9.870579735598870863e-03,8.925476639457929906e-01,4.508037633976216818e-01,-1.160321039406745150e-02
1.488220024958543559e-02,-3.727613254193701958e-03,9.998823055815911909e-01,4.592867348853699738e-01,-8.882301087246354809e-01,-1.014736977538228946e-02,8.881633944686457838e-01,4.593836945892285084e-01,-1.150677502531701445e-02
1.496064258514224685e-02,-3.877600744764862772e-03,9.998805645605397530e-01,4.674374530094146940e-01,-8.839647096726559461e-01,-1.042207164666283069e-02,8.838995455918680078e-01,4.675375453006968551e-01,-1.141214426337134290e-02
1.504229787008073103e-02,-4.030372787099614600e-03,9.998787353324325444e-01,4.751749317879885859e-01,-8.798263465874411882e-01,-1.069504796044505601e-02,8.797627597682617928e-01,4.752781879550048161e-01,-1.131947786512295558e-02
1.512723576374149989e-02,-4.186063471808413802e-03,9.998768142180105567e-01,4.825121449165474807e-01,-8.758206221773552347e-01,-1.096666662677860289e-02,8.757586406917038380e-01,4.826186016322622785e-01,-1.122891857388453457e-02
1.521552947027434918e-02,-4.344811920923814276e-03,9.998747972982973131e-01,4.894620825983130308e-01,-8.719521734532925672e-01,-1.123729988035664963e-02,8.718918266398999473e-01,4.895717820906865247e-01,-1.114059330053500038e-02
1.530725589334682758e-02,-4.506762590736639387e-03,9.998726803988428058e-01,4.960376739680642522e-01,-8.682247448154443159e-01,-1.150732351629629724e-02,8.681660635623623667e-01,4.961506641949671725e-01,-1.105461430919046570e-02
1.540249580097637593e-02,-4.672065592475543871e-03,9.998704590726742447e-01,5.022517209516915715e-01,-8.646412599062149873e-01,-1.177711632180366771e-02,8.645842769355484014e-01,5.023680557827027160e-01,-1.097108039083637306e-02
1.550133400116711184e-02,-4.840877032187040734e-03,9.998681285818361575e-01,5.081168425671716005e-01,-8.612038914521993327e-01,-1.204705968925915208e-02,8.611486416082606565e-01,5.082365819745247038e-01,-1.089007801165458970e-02
1.560385952908977317e-02,-5.013359371283205787e-03,9.998656838773949396e-01,5.136454286753615595e-01,-8.579141284961969705e-01,-1.231753739652525874e-02,8.578606490384673711e-01,5.137686389362677852e-01,-1.081168242570973090e-02
1.571016584660484688e-02,-5.189681809344677890e-03,9.998631195777699654e-01,5.188496022130458796e-01,-8.547728405753843850e-01,-1.258893554088011575e-02,8.547211714778312208e-01,5.189763561256004465e-01,-1.073595874422205061e-02
1.582035105499758967e-02,-5.370020690898844734e-03,9.998604299452379385e-01,5.237411889806521392e-01,-8.517803385347696432e-01,-1.286164261383222936e-02,8.517305227932302492e-01,5.238715660955196585e-01,-1.066296295586268220e-02
1.593451812186697653e-02,-5.554559938037725332e-03,9.998576088604410605e-01,5.283316941081298568e-01,-8.489364317774206192e-01,-1.313604970510104213e-02,8.488885157269225878e-01,5.284657809782162818e-01,-1.059274289438177571e-02
1.605277512319265576e-02,-5.743491510899148382e-03,9.998546497947131684e-01,5.326322843809316865e-01,-8.462404818463317158e-01,-1.341255082519897217e-02,8.461945154903772748e-01,5.327701748312798635e-01,-1.052533915144865731e-02
1.617523550169236435e-02,-5.937015898209401302e-03,9.998515457800168926e-01,5.366537756706454276e-01,-8.436914523091271212e-01,-1.369154333727424025e-02,8.436474896631325215e-01,5.367955710908393074e-01,-1.046078593387425766e-02
1.630201834267993449e-02,-6.135342640277280206e-03,9.998482893762640211e-01,5.404066247790871858e-01,-8.412879549780242217e-01,-1.397342849013474657e-02,8.412460544292792441e-01,5.405524344405271409e-01,-1.039911186543198210e-02
1.643324866874132373e-02,-6.338690887040734391e-03,9.998448726357653804e-01,5.439009250687573127e-01,-8.390282925455387897e-01,-1.425861204564536806e-02,8.389885172322334439e-01,5.440508664692637053e-01,-1.034034073432392106e-02
1.656905775466331956e-02,-6.547289993999635613e-03,9.998412870645305706e-01,5.471464053149195372e-01,-8.369104977531248712e-01,-1.454750499495312439e-02,8.368729159651925320e-01,5.473006045532482489e-01,-1.028449218798431139e-02
1.670958346417941720e-02,-6.761380159124487886e-03,9.998375235801051364e-01,5.501524312742740452e-01,-8.349323692370227423e-01,-1.484052435923597160e-02,8.348970548417684601e-01,5.503110234572770043e-01,-1.023158237739912706e-02
1.685497061023949819e-02,-6.981213104113454838e-03,9.998335724655992296e-01,5.529280095214421653e-01,-8.330915042145889959e-01,-1.513809407188252028e-02,8.330585371103184089e-01,5.530911392067932031e-01,-1.018162455347465176e-02
1.700537134066724271e-02,-7.207052803682304117e-03,9.998294233195234026e-01,5.554817931569278056e-01,-8.313853281867039646e-01,-1.544064594019048040e-02,8.313547947878390243e-01,5.556496148345387853e-01,-1.013462961823129692e-02
1.716094555124247217e-02,-7.439176266916751323e-03,9.998250650010015450e-01,5.578220890385239272e-01,-8.298111218386934329e-01,-1.574862068582031510e-02,8.297831155961684635e-01,5.579947676540332191e-01,-1.009060663375194178e-02
1.732186132843719500e-02,-7.677874375098573193e-03,9.998204855698840099e-01,5.599568662323207713e-01,-8.283660453246711741e-01,-1.606246906436289631e-02,8.283406672857474007e-01,5.601345777563146999e-01,-1.004956329189423889e-02
1.748829542424601077e-02,-7.923452780839739321e-03,9.998156722212271363e-01,5.618937654195149678e-01,-8.270471601191889954e-01,-1.638265306548043407e-02,8.270245195312128095e-01,5.620766974664708204e-01,-1.001150634779829872e-02
1.766043376578593782e-02,-8.176232873827708400e-03,9.998106112135423107e-01,5.636401090312883611e-01,-8.258514486163819335e-01,-1.670964719616754857e-02,8.258316635794497040e-01,5.638284615325976912e-01,-9.976442020198530644e-03
1.783847200260127441e-02,-8.436552819005859599e-03,9.998052877901498769e-01,5.652029119163130000e-01,-8.247758316510517274e-01,-1.704393985076433846e-02,8.247590298250350171e-01,5.653968978521620725e-01,-9.944376361491575819e-03
1.802261609489717517e-02,-8.704768673591429043e-03,9.997996860928868301e-01,5.665888923741522198e-01,-8.238171841089032554e-01,-1.738603477244431844e-02,8.238035034808527390e-01,5.667887385695101754e-01,-9.915315600430603740e-03
1.821308294624732899e-02,-8.981255589977697393e-03,9.997937890673359584e-01,5.678044834132749408e-01,-8.229723487848943364e-01,-1.773645261201377624e-02,8.229619385034626644e-01,5.680104314037741631e-01,-9.889266460217396165e-03
1.841010108467749234e-02,-9.266409112284204261e-03,9.997875783586309684e-01,5.688558441147862910e-01,-8.222381486397043471e-01,-1.809573259100416207e-02,8.222311699239489569e-01,5.690681510888787598e-01,-9.866236454653658922e-03
1.861391139642505632e-02,-9.560646575119423340e-03,9.997810341967843240e-01,5.697488710026259451e-01,-8.216113975950276593e-01,-1.846443427723450798e-02,8.216080247257563363e-01,5.699678108270771482e-01,-9.846234164897391464e-03
1.882476791711848452e-02,-9.864408614014148410e-03,9.997741352703430895e-01,5.704892093381134233e-01,-8.210889099989265860e-01,-1.884313948228036328e-02,8.210893314016695088e-01,5.707150736746579023e-01,-9.829269499252574899e-03
1.904293868561671502e-02,-1.017816079798374712e-02,9.997668585870339575e-01,5.710822642716272268e-01,-8.206675088830505116e-01,-1.923245429162855763e-02,8.206719283127740239e-01,5.713153637934644813e-01,-9.815353938304469464e-03
1.926870666630314116e-02,-1.050239539579709072e-02,9.997591793198792320e-01,5.715332117970631787e-01,-8.203440331242700667e-01,-1.963301123974123610e-02,8.203526709631299152e-01,5.717738775148413222e-01,-9.804500767601026859e-03
1.950237074625094102e-02,-1.083763328878580880e-02,9.997510706370729139e-01,5.718470094658211211e-01,-8.201153436142830655e-01,-2.004547164382134913e-02,8.201284382950470020e-01,5.720955941738442574e-01,-9.796725299975337156e-03
1.974424681437361717e-02,-1.118442604443780145e-02,9.997425035136745519e-01,5.720284068265527599e-01,-8.199783285321025073e-01,-2.047052811178741091e-02,8.199961381013993744e-01,5.722852866811761752e-01,-9.792045089506210692e-03
1.999466893045840146e-02,-1.154335816660502848e-02,9.997334465229212874e-01,5.720819555650000776e-01,-8.199299078060737767e-01,-2.090890724185557464e-02,8.199527116433523721e-01,5.723475318085688990e-01,-9.790480139025108108e-03
2.025399059286235592e-02,-1.191504953994248876e-02,9.997238656046603111e-01,5.720120193251152507e-01,-8.199670368442263380e-01,-2.136137253322197699e-02,8.199951375542833265e-01,5.722867201703704110e-01,-9.792053102998892616e-03
2.052258611464459828e-02,-1.230015808821045831e-02,9.997137238080571198e-01,5.718227831984049603e-01,-8.200867096043353843e-01,-2.182872752967083413e-02,8.201204351035261686e-01,5.721070658900653250e-01,-9.796789487549632802e-03
2.080085211903025949e-02,-1.269938266834970061e-02,9.997029810053408294e-01,5.715182628732691228e-01,-8.202859610680840463e-01,-2.231181922054444391e-02,8.203256668869035595e-01,5.718126159455144686e-01,-9.804717849315710762e-03
2.108920916637085224e-02,-1.311346622481658793e-02,9.996915935728917235e-01,5.711023134400831092e-01,-8.205618691771193740e-01,-2.281154172644340311e-02,8.206079410047908418e-01,5.714072591909580279e-01,-9.815869994813361532e-03
2.138810352620195906e-02,-1.354319923158655431e-02,9.996795140354363118e-01,5.705786378510051549e-01,-8.209115562826078127e-01,-2.332884030032953207e-02,8.209644127827001592e-01,5.708947350573838619e-01,-9.830281181924539410e-03
2.169800910963016333e-02,-1.398942345255203834e-02,9.996666906685165443e-01,5.699507950361253350e-01,-8.213321901540664438e-01,-2.386471567844085026e-02,8.213922860840408013e-01,5.702786419358429892e-01,-9.847990325116373969e-03
2.201942957913372023e-02,-1.445303605481504730e-02,9.996530670536692975e-01,5.692222076795910857e-01,-8.218209845877431086e-01,-2.442022881966451897e-02,8.218888142598012037e-01,5.695624452507649371e-01,-9.869040205989604644e-03
2.235290065497145054e-02,-1.493499411367516308e-02,9.996385815799295749e-01,5.683961696609171055e-01,-8.223751996496180272e-01,-2.499650607682982889e-02,8.224513007753753158e-01,5.687494852323609074e-01,-9.893477690758911355e-03
2.269899263980097379e-02,-1.543631955302383722e-02,9.996231668842990858e-01,5.674758531677865925e-01,-8.229921415831464859e-01,-2.559474484887221818e-02,8.230770995506015986e-01,5.678429843988944681e-01,-9.921353956287095460e-03
2.305831318585872119e-02,-1.595810457047304107e-02,9.996067492226834439e-01,5.664643154873659769e-01,-8.236691624071211804e-01,-2.621621976909005100e-02,8.237636150452705142e-01,5.668460547609635025e-01,-9.952724726328514293e-03
2.343151033220432569e-02,-1.650151760298370143e-02,9.995892477614743976e-01,5.653645054835247930e-01,-8.244036592244254891e-01,-2.686228949189555654e-02,8.245083021188573946e-01,5.657617047610904448e-01,-9.987650519685619885e-03
2.381927584314726815e-02,-1.706780989615327288e-02,9.995705737783884270e-01,5.641792697673575496e-01,-8.251930732579781935e-01,-2.753440414870164665e-02,8.253086656900429086e-01,5.645928459628245522e-01,-1.002619691204637703e-02
2.422234888313188131e-02,-1.765832274883109843e-02,9.995506297593343970e-01,5.629113585681273513e-01,-8.260348886256912992e-01,-2.823411355306446047e-02,8.261622602186383668e-01,5.633422995043424475e-01,-1.006843481335149490e-02
2.464152006814706794e-02,-1.827449551454440532e-02,9.995293083759075881e-01,5.615634313111275144e-01,-8.269266308617915229e-01,-2.896307624612880563e-02,8.270666890298531415e-01,5.620128023321668831e-01,-1.011444076263871492e-02
2.507763593926284895e-02,-1.891787445256311664e-02,9.995064913255415906e-01,5.601380619080625900e-01,-8.278658651872335961e-01,-2.972306948605219282e-02,8.280196034983575704e-01,5.606070132311852250e-01,-1.016429724242954961e-02
2.553160391030155282e-02,-1.959012253457546524e-02,9.994820480132935447e-01,5.586377437642665589e-01,-8.288501945271397053e-01,-3.051600029970872804e-02,8.290187021073388562e-01,5.591275186676135656e-01,-1.021809301486257052e-02
2.600439774908717624e-02,-2.029303032821141994e-02,9.994558340506125571e-01,5.570648945055020063e-01,-8.298772572680769288e-01,-3.134391773195849967e-02,8.300617293956401577e-01,5.575768384620295448e-01,-1.027592348193857343e-02
2.649706366036472596e-02,-2.102852809642175719e-02,9.994276895421081441e-01,5.554218604250499292e-01,-8.309447247424331939e-01,-3.220902644753489974e-02,8.311464748041434980e-01,5.559574313100056342e-01,-1.033789107242949132e-02
2.701072704856806450e-02,-2.179869927246201253e-02,9.993974371261596934e-01,5.537109206493584512e-01,-8.320502984210291775e-01,-3.311370186367190716e-02,8.322707714307571170e-01,5.542717001683425959e-01,-1.040410565821657703e-02
2.754660005040800164e-02,-2.260579549450047673e-02,9.993648797289825803e-01,5.519342910175044636e-01,-8.331917067882048666e-01,-3.406050701858129304e-02,8.334324947016810148e-01,5.525219975253644611e-01,-1.047468500306767726e-02
2.810598994107919510e-02,-2.345225341234720776e-02,9.993297979842865608e-01,5.500941276660927803e-01,-8.343667018657743295e-01,-3.505221141255433770e-02,8.346295609650501435e-01,5.507106305742726082e-01,-1.054975524714158765e-02
2.869030853414064955e-02,-2.434071351230771355e-02,9.992919472616236254e-01,5.481925303068182487e-01,-8.355730553431314211e-01,-3.609181209571200172e-02,8.358599260115440188e-01,5.488398663091592633e-01,-1.062945143082369426e-02
2.930108271429070557e-02,-2.527404124570268099e-02,9.992510542355612646e-01,5.462315451785583198e-01,-8.368085542601494398e-01,-3.718255732037569622e-02,8.371215835251262227e-01,5.469119365639673047e-01,-1.071391806185587221e-02
2.993996626492453211e-02,-2.625535079339127997e-02,9.992068129145091904e-01,5.442131676493822123e-01,-8.380709961768881833e-01,-3.832797312803950390e-02,8.384125634656727222e-01,5.449290430155051546e-01,-1.080330973013054335e-02
3.060875317924939554e-02,-2.728803185419064609e-02,9.991588800317676711e-01,5.421393444359231539e-01,-8.393581837490444730e-01,-3.953189330265766827e-02,8.397309303838934591e-01,5.428933621725632319e-01,-1.089779177498005971e-02
3.130939267573085161e-02,-2.837577991125369431e-02,9.991068696814694450e-01,5.400119753978540604e-01,-8.406679186098908740e-01,-4.079849319547775716e-02,8.410747816675901989e-01,5.408070503742921087e-01,-1.099754101031556741e-02
3.204400617684751568e-02,-2.952263050953862766e-02,9.990503470576120870e-01,5.378329148532638992e-01,-8.419979944373511271e-01,-4.213232801448497933e-02,8.424422457169274958e-01,5.386722488223016914e-01,-1.110274651356264568e-02
3.281490655590479921e-02,-3.073299817232142545e-02,9.989888211241741978e-01,5.356039723459847801e-01,-8.433461890578377584e-01,-4.353837627683256745e-02,8.438314800449960851e-01,5.364910886724602035e-01,-1.121361048501412494e-02
3.362462001169451431e-02,-3.201172069881037113e-02,9.989217360068659568e-01,5.333269127776181229e-01,-8.447102554052007273e-01,-4.502208924934284623e-02,8.452406692984928416e-01,5.342656962141422161e-01,-1.133034918498537595e-02
3.447591099720492130e-02,-3.336410972275396375e-02,9.988484608504539786e-01,5.310034557941976097e-01,-8.460879111119350426e-01,-4.658944735518851660e-02,8.466680231918131128e-01,5.319981981667327720e-01,-1.145319395702696155e-02
3.537181070905127261e-02,-3.479600857907317463e-02,9.987682778273087036e-01,5.286352742888791312e-01,-8.474768264584682242e-01,-4.824702471039037099e-02,8.481117743462147640e-01,5.296907271256016125e-01,-1.158239234643989798e-02
3.631564974216644481e-02,-3.631385872903925699e-02,9.986803679095787034e-01,5.262239918461136812e-01,-8.488746103420252709e-01,-5.000206317959571961e-02,8.495701760239383615e-01,5.273454271925399617e-01,-1.171820932446813665e-02
3.731109563382591088e-02,-3.792477624330539004e-02,9.985837939249258000e-01,5.237711789073462576e-01,-8.502787938455651506e-01,-5.186255761663996489e-02,8.510414997452311336e-01,5.249644598288781827e-01,-1.186092862983265106e-02
3.836219616770983332e-02,-3.963664014759835097e-02,9.984774802983790165e-01,5.212783473805807644e-01,-8.516868108845898622e-01,-5.383735429427776581e-02,8.525240327740684076e-01,5.225500099732530712e-01,-1.201085424074697754e-02
3.947342948937469786e-02,-4.145819481271181828e-02,9.983601887331138292e-01,5.187469433424548582e-01,-8.530959752787602435e-01,-5.593626494538925242e-02,8.540160754559643630e-01,5.201042924703199732e-01,-1.216831199224521418e-02
4.064976230816289698e-02,-4.339916903747653015e-02,9.982304888907903573e-01,5.161783373868491509e-01,-8.545034534274604798e-01,-5.817019935578894574e-02,8.555159383885482249e-01,5.176295588617411125e-01,-1.233365135559515505e-02
4.189671773880408734e-02,-4.547041505506783238e-02,9.980867228840563099e-01,5.135738120518723582e-01,-8.559062315519371245e-01,-6.055132009353964007e-02,8.570219394025004878e-01,5.151281045965965255e-01,-1.250724739880296199e-02
4.322045468381766065e-02,-4.768407142120627967e-02,9.979269620716847422e-01,5.109345455983781426e-01,-8.573010761855562878e-01,-6.309322376662865328e-02,8.585324003269201310e-01,5.126022767251275924e-01,-1.268950294979130818e-02
4.462786109505280374e-02,-5.005375465932804246e-02,9.977489542257534927e-01,5.082615912057970586e-01,-8.586844862262743572e-01,-6.581115421622062145e-02,8.600456435091292651e-01,5.100544821475678781e-01,-1.288085098680829058e-02
4.612666400527707516e-02,-5.259478569779263424e-02,9.975500585861079017e-01,5.055558503783078583e-01,-8.600526343817875841e-01,-6.872225433739165279e-02,8.615599880542330613e-01,5.074871964989368101e-01,-1.308175728406970641e-02
4.772555992309748807e-02,-5.532445861092415151e-02,9.973271655828066518e-01,5.028180389931693473e-01,-8.614012951966206755e-01,-7.184586485420009494e-02,8.630737457442964056e-01,5.049029737612886759e-01,-1.329272334463646281e-02
4.943437008261566956e-02,-5.826236106709159479e-02,9.970765970262379652e-01,5.000486439412547002e-01,-8.627257559936840625e-01,-7.520388046928802583e-02,8.645852165906190434e-01,5.023044567072986188e-01,-1.351428965718125957e-02
5.126422619477857823e-02,-6.143075832496570216e-02,9.967939812440033132e-01,4.972478676623149907e-01,-8.640207059090551089e-01,-7.882117650542379284e-02,8.660926839651351683e-01,4.996943882935226955e-01,-1.374703931872585209e-02
5.322779384381301493e-02,-6.485505578228972778e-02,9.964740958509642477e-01,4.944155570002309874e-01,-8.652800966315377096e-01,-8.272612265462728209e-02,8.675944092481648884e-01,4.970756241386145025e-01,-1.399160207177626604e-02
5.533954262300907340e-02,-6.856435921406388301e-02,9.961106683837098741e-01,4.915511116047660001e-01,-8.664969663108423870e-01,-8.695120501882688813e-02,8.690886259193564278e-01,4.944511462416403269e-01,-1.424865881172533190e-02
5.761607466516804194e-02,-7.259215727475289148e-02,9.956961216367047340e-01,4.886533654534768734e-01,-8.676632151270365911e-01,-9.153378363426684095e-02,8.705735330063559818e-01,4.918240781190074684e-01,-1.451894662914300464e-02
6.007652660931451366e-02,-7.697715804745661194e-02,9.952212457988913741e-01,4.857204327664320087e-01,-8.687693168623165096e-01,-9.651702063249779917e-02,8.720472877910637743e-01,4.891977015660651795e-01,-1.480326446189428151e-02
6.274306455585643150e-02,-8.176432105203675083e-02,9.946747728041759329e-01,4.827495063502572625e-01,-8.698039449536806300e-01,-1.019510248187699003e-01,8.735079976558443038e-01,4.865754752820100615e-01,-1.510247944423269081e-02
6.564149761601503763e-02,-8.700613908877304070e-02,9.940428187717024189e-01,4.797365918071329616e-01,-8.707534831335386194e-01,-1.078942727492359088e-01,8.749537109310429051e-01,4.839610556353427517e-01,-1.541753405450161166e-02
6.880204384817856234e-02,-9.276424189094903405e-02,9.933081466436842755e-01,4.766761544272415385e-01,-8.716013786681072739e-01,-1.144153857849161404e-01,8.763824065798958562e-01,4.813583198930418972e-01,-1.574945418031999458e-02
7.226029353018553758e-02,-9.911141763926692438e-02,9.924491810024662630e-01,4.735606459486952913e-01,-8.723272785009555941e-01,-1.215953691214043259e-01,8.777919825263761355e-01,4.787713922914055287e-01,-1.609935824072480925e-02
7.605843003288698112e-02,-1.061341816093348545e-01,9.914386772337707709e-01,4.703798641567821237e-01,-8.729058623549644791e-01,-1.295304553461574248e-01,8.791802423944589107e-01,4.762046733920745067e-01,-1.646846752943178019e-02
8.024678973494553391e-02,-1.139360674096910886e-01,9.902419024058969343e-01,4.671200770358909793e-01,-8.733052473517075587e-01,-1.383357458430614362e-01,8.805448803821522841e-01,4.736628732455047674e-01,-1.685811797307571955e-02
8.488587187115066712e-02,-1.226418809509519092e-01,9.888141169064522673e-01,4.637628109159721013e-01,-8.734847783921161346e-01,-1.481499143725427681e-01,8.818834639383997809e-01,4.711510489790806666e-01,-1.726977353415813307e-02
9.004895035777490953e-02,-1.324032484282716693e-01,9.870970399839644749e-01,4.602831522917803508e-01,-8.733919249438322208e-01,-1.591413370537300143e-01,8.831934138430861392e-01,4.686746475419259483e-01,-1.770504153191202260e-02
9.582549723752180337e-02,-1.434059185422932592e-01,9.850138154392672485e-01,4.566473349749472499e-01,-8.729578571541734000e-01,-1.715161540295029319e-01,8.844719812065614528e-01,4.662395544779904255e-01,-1.816569020722761177e-02
1.023257077640878226e-01,-1.558794616834173474e-01,9.824617259495997956e-01,4.528092597776219863e-01,-8.720910368647176725e-01,-1.855289672257767475e-01,8.857162208011211124e-01,4.638521497692010831e-01,-1.865366892249702840e-02
1.096865280055617509e-01,-1.701102655420626553e-01,9.793014669300225128e-01,4.487053917506642620e-01,-8.706677706375093306e-01,-2.014971577640539691e-01,8.869229600072194852e-01,4.615193719989639787e-01,-1.917113146671045251e-02
1.180797344449785458e-01,-1.864590812357431182e-01,9.753410620588707225e-01,4.442471454540768971e-01,-8.685180238523048102e-01,-2.198201901545699388e-01,8.880887624946661729e-01,4.592487923428973939e-01,-1.972046303418898208e-02
1.277228016021617063e-01,-2.053848430106546830e-01,9.703112656320050933e-01,4.393093049135173844e-01,-8.654036930225059709e-01,-2.410057732076356651e-01,8.892098855541907820e-01,4.570487002109259178e-01,-2.030431156690900782e-02
1.388934913039556462e-01,-2.274770424791874024e-01,9.638271594110221496e-01,4.337120582729941387e-01,-8.609846255766391288e-01,-2.657053349657419461e-01,8.902822297350434511e-01,4.549282027590466071e-01,-2.092562430186677147e-02
1.519491950398268454e-01,-2.534994136073803195e-01,9.553269018652531530e-01,4.271925467259821141e-01,-8.547643218061451442e-01,-2.947617380004574628e-01,8.913012791130271451e-01,4.528973409813697448e-01,-2.158769055472738868e-02
1.673517073117009868e-01,-2.844474605166149028e-01,9.439719531138135444e-01,4.193588865433593438e-01,-8.460013023276058419e-01,-3.292718037383532415e-01,8.922620300881196620e-01,4.509672257111857485e-01,-2.229419201011356710e-02
1.856962855518323185e-01,-3.216195389563500373e-01,9.284814277591971754e-01,4.096145237361441538e-01,-8.335616186708398878e-01,-3.706628789388837220e-01,8.931589060613258635e-01,4.491501976403378116e-01,-2.304926209190426289e-02
2.077377469434369128e-01,-3.666903222881476299e-01,9.068534810183390693e-01,3.970323385055853360e-01,-8.156701178858821732e-01,-4.207702234816732001e-01,8.939856546252019642e-01,4.474600164576108541e-01,-2.385755637327074963e-02
2.343884916676787777e-01,-4.217415624707799848e-01,8.758973053152154797e-01,3.801459137751125317e-01,-7.894912707009593689e-01,-4.818636920614264851e-01,8.947352229647802524e-01,4.459120854739078710e-01,-2.472433648199855172e-02
2.666153187402302560e-01,-4.891099090379161796e-01,8.304744238650380028e-01,3.566171862375092649e-01,-7.504466399929308196e-01,-5.564656530311300475e-01,8.953996059263634733e-01,4.445237197318515632e-01,-2.565557059726435163e-02
3.050467837714339048e-01,-5.706742460081553059e-01,7.624154803345269960e-01,3.227767477036241894e-01,-6.912330921357859870e-01,-6.465384624894878751e-01,8.959696595602861802e-01,4.433144677082212493e-01,-2.665805446767439621e-02
3.488949929217237123e-01,-6.657489277603373390e-01,6.595836937797291410e-01,2.732705737263578794e-01,-6.009520161476588074e-01,-7.511190769933427935e-01,8.964348707237004277e-01,4.423064994707008868e-01,-2.773955797335808313e-02
3.937486673161678108e-01,-7.665255528194153678e-01,5.073465914556157808e-01,2.018467532057211522e-01,-4.663627156804307505e-01,-8.612570496916019946e-01,8.967830703169248352e-01,4.415250777680282956e-01,-2.890900369929899280e-02
4.292434764169588690e-01,-8.527182700950032279e-01,2.976937852889586789e-01,1.055504899002814023e-01,-2.799844928814825828e-01,-9.541843521184516508e-01,8.970000735982657236e-01,4.409991333235065980e-01,-3.017668591183879021e-02
4.418233215577679340e-01,-8.958848818614788545e-01,4.671649579864929624e-02,-7.678381349239718490e-03,-5.584946277353126931e-02,-9.984096754177431698e-01,8.970692253039990183e-01,4.407619719984381401e-01,-3.155454091776950520e-02
4.259679291855850702e-01,-8.818498836336440272e-01,-2.022179666614050964e-01,-1.182990813407689829e-01,1.673026134957696087e-01,-9.787824900719339638e-01,8.969708192908365518e-01,4.408521501056945624e-01,-3.305648329619480935e-02
3.902087687349515277e-01,-8.249864352075493290e-01,-4.088208636137512508e-01,-2.090446637817673092e-01,3.530422576498473131e-01,-9.119547646993608758e-01,8.966813510644240370e-01,4.413145658564183171e-01,-3.469882730352644162e-02
3.478094820522696917e-01,-7.511846302585892809e-01,-5.610260381281767517e-01,-2.755055958153013740e-01,4.900808014500253051e-01,-8.269930318476430564e-01,8.961725452550908244e-01,4.422018309701661876e-01,-3.650081941059493684e-02
3.074099236144923752e-01,-6.784346986479178332e-01,-6.672522000966659705e-01,-3.220868423212868148e-01,5.856335750117496186e-01,-7.438369322791520410e-01,8.954100763710638455e-01,4.435760086946389236e-01,-3.848531724825764166e-02
2.722855295970466605e-01,-6.142360178236376811e-01,-7.406582915084498620e-01,-3.549582087668337604e-01,6.513326414556237509e-01,-6.706492825639054356e-01,8.943518661025405825e-01,4.455108355389350572e-01,-4.067966342416358405e-02
2.428299271933995196e-01,-5.601131072610728845e-01,-7.920271040397507400e-01,-3.790533556673361670e-01,6.967672117659371445e-01,-6.089614159905811785e-01,8.929457878374141844e-01,4.480945878743322064e-01,-4.311682155669777083e-02
2.183855641460716868e-01,-5.152399208273351627e-01,-8.287554339842625462e-01,-3.977452138674564819e-01,7.285158425088162915e-01,-5.577305909300663833e-01,8.911265287365949250e-01,4.514338170756717061e-01,-4.583686924688117753e-02
1.980739100517930618e-01,-4.781691365182206277e-01,-8.556406973947729977e-01,-4.132569599514355763e-01,7.508194328453935418e-01,-5.152561152605751316e-01,8.888112348572623223e-01,4.556582668438495243e-01,-4.888898289356605198e-02
1.810868664109826776e-01,-4.474807781490112712e-01,-8.757673777896766154e-01,-4.270837030462331096e-01,7.663594910724552678e-01,-4.798881547147046955e-01,8.858933668369844971e-01,4.609274168785392201e-01,-5.233410899126323540e-02
1.667590189699627024e-01,-4.219711194706402546e-01,-8.911407318290811563e-01,-4.402894762418895769e-01,7.768145768204236523e-01,-4.502269320575443268e-01,8.822338730194041467e-01,4.674392875786124169e-01,-5.624860642879141864e-02
1.545644767149451926e-01,-4.006735772176439059e-01,-9.030894236217429372e-01,-4.536996383987125236e-01,7.832082677989019581e-01,-4.251369748308428398e-01,8.776482556552553937e-01,4.754424189857905936e-01,-6.072928102840771669e-02
1.440933257529114220e-01,-3.828279015574927446e-01,-9.125129649832665057e-01,-4.680275816417072132e-01,7.861125635091112951e-01,-4.037043724258488342e-01,8.718872038836676941e-01,4.852523418616545570e-01,-6.590044325874827580e-02
1.350265332487759207e-01,-3.678397679537644405e-01,-9.200335539699286969e-01,-4.839656506636454414e-01,7.857557145299627344e-01,-3.851820427553982462e-01,8.646068958182853148e-01,4.972744334823860912e-01,-7.192394252431229262e-02
1.271146977213355456e-01,-3.552442599827653757e-01,-9.260903678219049029e-01,-5.022605759798952629e-01,7.820619130235053618e-01,-3.689356014460510869e-01,8.553222594084392005e-01,5.120358190081167882e-01,-7.901362295914307610e-02
1.201614257968559307e-01,-3.446763710126835023e-01,-9.309991573658882302e-01,-5.237876827003554725e-01,7.746318551598359026e-01,-3.543895489754497197e-01,8.433313080882616219e-01,5.302298447250568536e-01,-8.745636947063199773e-02
1.140107327698024475e-01,-3.358482240781666683e-01,-9.349906540692448642e-01,-5.496345691289379332e-01,7.626555544387723096e-01,-3.409667809364069213e-01,8.275889035213918055e-01,5.527770578336536067e-01,-9.764287532139773185e-02
1.085376015929212790e-01,-3.285318060029582266e-01,-9.382358133672424882e-01,-5.812007122760211031e-01,7.447260284830059529e-01,-3.280074306319524791e-01,8.064895046374145338e-01,5.809044628373617458e-01,-1.101121426788798235e-01
1.036409200983193502e-01,-3.225459674972182555e-01,-9.408627203436521480e-01,-6.203064199159340486e-01,7.184853460815944226e-01,-3.146406726364038287e-01,7.774821574108635724e-01,6.162328345011284236e-01,-1.256128520114648262e-01
9.923817898320688724e-02,-3.177466433531997980e-01,-9.429681089357536683e-01,-6.692575605916761816e-01,6.799698962947955394e-01,-2.995584379110761142e-01,7.363736153767161952e-01,6.608161701794377230e-01,-1.451753691450602679e-01
9.526146677247473993e-02,-3.140194827256875265e-01,-9.446253317675999961e-01,-7.306517213082809326e-01,6.224263917265969726e-01,-2.805948129090324872e-01,6.760719747908523480e-01,7.169219980938654757e-01,-1.701456245440850501e-01
9.165442109302444906e-02,-3.112742836239896227e-01,-9.458899446809202471e-01,-8.062034196835632383e-01,5.343570106416637433e-01,-2.539658072824629298e-01,5.844959479625422283e-01,7.858567970899512645e-01,-2.019742094498510332e-01
8.836988807776005594e-02,-3.094407856518953115e-01,-9.468036560218079378e-01,-8.925414543374193821e-01,3.973942182446394966e-01,-2.131843981040265623e-01,4.422222463539893234e-01,8.639005935180675833e-01,-2.410710462680285548e-01
8.536810922833323878e-02,-3.084654951084642716e-01,-9.473971312254800825e-01,-9.705249644477563775e-01,1.893418971823980224e-01,-1.491004337855921513e-01,2.253743093399531161e-01,9.322009892179156099e-01,-2.832097039133349980e-01
8.261530374862739723e-02,-3.083093051420928710e-01,-9.476919773583195594e-01,-9.941580229556047366e-01,-9.177428138467966234e-02,-5.680938891881192471e-02,-6.945888697298009673e-02,9.468489075027364255e-01,-3.140901293917866544e-01
8.008254932833974715e-02,-3.089457386832569763e-01,-9.477021240044418704e-01,-9.201130357413969119e-01,-3.885850084843350816e-01,4.892537828142128759e-02,-3.833781250303999744e-01,8.680750092766673642e-01,-3.153838796094201036e-01
7.774488948048276227e-02,-3.103596897943001198e-01,-9.474347445130210099e-01,-7.728672692470769379e-01,-6.190725358256107258e-01,1.393749601363664103e-01,-6.297871992079812076e-01,7.214056129094320591e-01,-2.879965718138550179e-01
7.558061362903471803e-02,-3.125465747280271045e-01,-9.468908117989297546e-01,-6.162440362614670653e-01,-7.611922799125254713e-01,2.020633583155219681e-01,-7.839201863810079107e-01,5.682437431484391732e-01,-2.501363423355683624e-01
7.357066920119409437e-02,-3.155118309471087734e-01,-9.460653471963189620e-01,-4.849647766014651973e-01,-8.402382472850897788e-01,2.425053674770337730e-01,-8.714336016525754403e-01,4.409670875832835679e-01,-2.148290147515863613e-01
7.169817440670366027e-02,-3.192707232026165687e-01,-9.449473938227589409e-01,-3.837842485480274513e-01,-8.832776125406863743e-01,2.693145182697195827e-01,-9.206351190092477710e-01,3.433465661545246905e-01,-1.858604669011803823e-01
6.994800716339892588e-02,-3.238484323515132268e-01,-9.435197237775881929e-01,-3.072968315734465605e-01,-9.068354202848268875e-01,2.884756104452544934e-01,-9.490394794732145423e-01,2.697623275780158258e-01,-1.629489276457546099e-01
6.830645042879310291e-02,-3.292804162145123170e-01,-9.417582685208643056e-01,-2.491974485823490737e-01,-9.196728535293094975e-01,3.034838943029841141e-01,-9.660408171758925189e-01,2.139538501145863136e-01,-1.448754277690969261e-01
6.676087747835605934e-02,-3.356130433147912484e-01,-9.396312417088440450e-01,-2.045150807976913454e-01,-9.263400000286100555e-01,3.163349270524974943e-01,-9.765841320463044539e-01,1.710499620110427499e-01,-1.304811999154939783e-01
6.529946272591669043e-02,-3.429045102933896971e-01,-9.370979014959733844e-01,-1.696846057791987494e-01,-9.292407600763934461e-01,3.282053387350732931e-01,-9.833326572067381255e-01,1.375794557086809089e-01,-1.188645390250540196e-01
6.391090467715543344e-02,-3.512260622588616599e-01,-9.341068726079911899e-01,-1.422027980239632117e-01,-9.296741271628418124e-01,3.398299302859654758e-01,-9.877721197206891235e-01,1.111137726573193790e-01,-1.093616433140708888e-01
6.258414760378133712e-02,-3.606635418488048916e-01,-9.305939146855536359e-01,-1.203047463977866549e-01,-9.283490260903196623e-01,3.517027917877804111e-01,-9.907623289482055950e-01,8.994384547166062172e-02,-1.014894684137112313e-01
6.130808748541515668e-02,-3.713192960873616388e-01,-9.264789791258444263e-01,-1.027293113601201596e-01,-9.256430232204132524e-01,3.641863288906501128e-01,-9.928182144765255179e-01,7.284898020260500984e-02,-9.489477902964051081e-02
6.007124555033891561e-02,-3.833144675844175064e-01,-9.216623375176535848e-01,-8.856053735320613962e-02,-9.217352660988854529e-01,3.775726823451716063e-01,-9.942577516327154585e-01,5.894165055451853347e-02,-8.931632072676728984e-02
