NLSQ Fitted Parameters
========================================

G           : 1.000000e+06
tau_y       : 1.494964e+01
K           : 4.453979e+02
n_flow      : 4.194702e-01
f_eq        : 1.000000e-06
f_inf       : 1.000000e-03
theta       : 1.000000e+01
a           : 1.000000e+00
n_rejuv     : 1.000000e+00
xi          : 1.000000e-05

R² = -327.23501259
RMSE = 953.102407 Pa
